<CsoundSynthesizer>


<CsOptions>
-o "prova.wav"
</CsOptions>


<CsInstruments>
sr=48000
ksmps=3
0dbfs=1
nchnls=2

#include "Libreria.txt"
#include "funzioncine.txt"



</CsInstruments>


<CsScore>
f1	0	[2^16]	10	1
y	[2^24]

f100 0 4096 7 0 2048 1 2048 0
f101 0 4096 7 1 2048 0 2048 1
f102 0 4096 7 0 1024 1 2048 1	1024 0
f103 0 4096 7 1 1024 0.3 2048 0.1	1024 1
f104 0 64 7 0 10 1 10 0.75 34 0.6 10 0
f105 0 4096 5 0.0001 2048 1 2048 0.0001
;;;TABELLE INVILUPPI PER FMpppsfz
;sfz>ppp
f106 0 4096 16 	0 	256	-4	1 [2048+1024+512+256] -4	0.001
f107 0 4096 16 	0 	256	-1	1 [2048+1024+512+256] -5	0.001
f108 0 4096 16 	0 	256 -2	1 [2048+1024+512+256] -8	0.0005
f109 0 4096 16 	0	256 -3	1 [2048+1024+512+256] -13	0.0005
;sfz>p
f110 0 4096 16 	0 	256 -1	1 2048 		-2				0.01 [1024+512+256] 0		0.001
f111 0 4096 16 	0 	256 -1	1 2048 		-3				0.01 [1024+512+256] 0		0.001
f112 0 4096 16 	0 	256 -2 	1 2048 		-4				0.01 [1024+512+256] 0		0.001
;sfz>p<f-ff-fff
f113 0 4096 16 	0	256 -1 	1 1024 		-4				0.1 [1024+256]	-4	0.01	[512+1024]	2	0.6
f114 0 4096 16 	0	256 -2	1 1024 		-2				0.1 [1024+256]	-5	0.01	[512+1024]	3	0.75
f115 0 4096 16 	0	256 -1	1 1024 		-3				0.1 [1024+256]	-8	0.01	[512+1024]	1	0.9














</CsScore>


</CsoundSynthesizer>